2096.0 324.0 320.0 2416.0
1702.67 280.0 286.667 1989.33
1976.8 360.0 367.2 2344.0
1813.6 527.2 508.0 2321.6
2055.2 327.2 351.2 2406.4
1968.8 380.0 387.2 2356.0
1981.6 384.0 380.0 2361.6
1494.67 424.0 424.667 1919.33
1927.2 416.8 416.0 2343.2
2010.4 376.0 392.0 2402.4
2014.4 356.0 392.0 2406.4
2040.8 344.0 416.0 2456.8
2027.2 348.0 404.0 2431.2
1713.33 276.667 342.667 2056.0
1921.6 441.6 544.0 2465.6
1628.8 632.8 692.8 2321.6
1869.6 485.6 526.4 2396.0
1863.2 447.2 512.8 2376.0
1856.0 489.6 491.2 2347.2
1849.6 501.6 469.333 2318.93
1712.8 588.8 583.2 2296.0
1984.8 367.2 428.0 2412.8
2019.2 348.0 416.0 2435.2
1979.2 340.0 372.0 2351.2
1996.8 380.0 403.2 2400.0
1731.33 276.667 343.333 2074.67
1896.8 450.4 524.8 2421.6
1711.2 603.2 583.2 2294.4
1772.0 536.8 582.4 2354.4
1972.8 396.8 491.2 2464.0
1836.0 503.2 508.0 2344.0
1963.2 402.4 404.667 2367.87
1876.8 461.6 518.4 2395.2
1774.4 551.2 600.8 2375.2
2038.4 339.2 412.0 2450.4
2038.4 340.0 416.0 2454.4
2037.6 352.0 452.0 2489.6
2025.6 348.0 376.0 2401.6
2160.0 248.0 360.0 2520.0
2139.2 260.0 336.0 2475.2
2056.0 332.0 464.0 2520.0
2053.6 325.6 457.6 2511.2
2060.0 301.6 412.0 2472.0
2130.4 272.0 408.0 2538.4
2115.2 292.0 356.667 2471.87
2164.8 248.0 367.2 2532.0
1800.67 200.0 316.667 2117.33
1973.6 398.4 521.6 2495.2
1834.4 486.4 654.4 2488.8
1966.4 420.0 594.4 2560.8
2032.0 336.8 556.0 2588.0
1948.0 396.8 535.2 2483.2
1626.67 356.667 484.0 2110.67
2023.2 355.2 580.0 2603.2
1837.6 502.4 612.0 2449.6
2209.6 223.2 377.6 2587.2
2058.4 317.6 481.6 2540.0
2048.0 298.4 620.0 2668.0
1653.33 329.333 432.0 2085.33
2032.0 340.8 580.0 2612.0
2005.6 340.8 628.8 2634.4
1928.8 411.2 676.0 2604.8
2104.0 268.0 432.0 2536.0
2105.6 294.4 539.2 2644.8
1748.67 230.0 464.0 2212.67
2092.0 305.6 440.8 2532.8
1953.6 392.8 600.8 2554.4
1946.4 389.6 650.4 2596.8
2033.6 309.6 520.0 2553.6
1735.2 578.4 907.2 2642.4
1339.33 540.0 724.667 2064.0
1681.6 596.8 927.2 2608.8
1825.6 490.4 835.2 2660.8
1707.2 598.4 864.0 2571.2
1729.6 544.0 896.0 2625.6
1792.0 508.8 776.0 2568.0
1440.67 488.667 816.0 2256.67
1852.8 468.8 724.0 2576.8
2005.6 358.4 616.0 2621.6
2180.0 240.0 448.0 2628.0
2222.4 188.0 428.0 2650.4
2199.2 224.0 452.0 2651.2
2162.4 232.0 383.333 2545.73
2208.8 188.0 424.0 2632.8
2281.6 172.0 380.0 2661.6
2168.8 245.6 488.8 2657.6
2201.6 209.6 433.6 2635.2
2260.8 188.0 388.0 2648.8
1812.0 176.667 320.0 2132.0
2280.0 148.0 471.2 2751.2
2296.0 140.0 532.0 2828.0
2362.4 96.0 448.0 2810.4
2310.4 132.0 408.0 2718.4
2208.8 195.2 551.2 2760.0
1774.67 214.667 595.333 2370.0
2237.6 172.8 606.4 2844.0
2261.6 163.2 554.4 2816.0
2209.6 186.4 559.2 2768.8
2220.8 188.8 635.2 2856.0
2158.4 252.0 648.0 2806.4
1913.33 99.3333 356.0 2269.33
2204.8 218.4 599.2 2804.0
2231.2 172.8 602.4 2833.6
2160.8 218.4 509.6 2670.4
2298.4 147.2 600.8 2899.2
2277.6 116.8 597.6 2875.2
1910.67 102.667 527.333 2438.0
2203.2 209.6 810.4 3013.6
2336.8 104.0 441.6 2778.4
2097.6 291.2 1007.2 3104.8
2003.2 356.8 1260.8 3264.0
1986.4 362.4 1308.0 3294.4
1395.33 379.333 1291.33 2686.67
1860.8 419.2 1516.0 3376.8
1999.2 314.4 1452.0 3451.2
1815.2 448.0 1218.4 3033.6
2139.2 228.0 1459.2 3598.4
1926.0 82.0 1248.0 3174.0
2102.4 210.4 1662.4 3764.8
1920.0 256.0 1678.4 3598.4
2223.2 182.4 1224.0 3447.2
2241.6 146.4 1481.6 3723.2
2200.8 136.0 1350.0 3550.8
2104.8 248.8 1230.4 3335.2
2196.8 217.6 1451.2 3648.0
2088.0 209.6 1578.4 3666.4
2205.6 180.0 1280.8 3486.4
1869.6 268.0 1764.0 3633.6
1742.0 214.667 1491.2 3233.2
2207.2 155.2 1613.6 3820.8
2075.2 278.4 1446.4 3521.6
2168.0 1.6 1759.2 3927.2
2288.8 0.0 1747.2 4036.0
1681.33 0.0 1604.67 3286.0
2378.4 0.0 1644.8 4023.2
2204.0 0.0 1672.0 3876.0
2058.4 132.0 1610.4 3668.8
2267.2 0.0 1715.2 3982.4
1840.8 0.0 1536.67 3377.47
2437.6 0.0 1586.4 4024.0
2468.8 0.0 1308.8 3777.6
2418.4 0.0 1337.6 3756.0
2356.0 83.2 1481.6 3837.6
2095.2 232.0 1181.33 3276.53
2308.0 117.6 1516.8 3824.8
2008.8 142.4 1679.2 3688.0
1672.57 67.4286 1353.6 3026.17
2343.2 74.4 1430.4 3773.6
2352.0 0.0 1591.2 3943.2
2171.2 195.2 1452.0 3623.2
2436.0 5.6 1596.0 4032.0
2401.6 0.0 1590.4 3992.0
2468.8 0.0 1232.8 3701.6
2361.6 0.0 1650.4 4012.0
2284.8 112.0 1485.6 3770.4
2416.0 0.0 1619.2 4035.2
2422.4 0.0 1680.0 4102.4
2468.8 0.0 1299.2 3768.0
1953.6 0.0 1933.6 3887.2
2215.2 0.0 1627.2 3842.4
2152.8 125.6 1662.4 3815.2
2385.6 4.0 1665.6 4051.2
1910.4 0.0 1796.8 3707.2
2424.8 0.0 1524.8 3949.6
2407.2 0.0 1589.6 3996.8
2259.2 111.2 1557.6 3816.8
2279.2 0.0 1684.0 3963.2
1828.8 0.0 1764.0 3592.8
2420.0 0.0 1559.2 3979.2
2082.0 0.0 1191.33 3273.33
2468.0 0.0 1412.0 3880.0
2252.8 100.0 1407.2 3660.0
2408.0 1.6 1516.0 3924.0
2166.4 0.0 1713.6 3880.0
2042.0 0.0 1192.0 3234.0
2468.8 0.0 1492.8 3961.6
2312.8 101.6 1400.0 3712.8
2453.6 0.0 1336.8 3790.4
2384.8 0.0 1560.0 3944.8
2024.0 0.0 1065.33 3089.33
1960.0 0.0 1750.4 3710.4
2337.6 0.0 1680.8 4018.4
2251.2 125.6 1498.4 3749.6
2390.4 4.0 1601.6 3992.0
2207.2 0.0 1405.33 3612.53
2420.8 0.0 1452.8 3873.6
2241.6 0.0 1644.0 3885.6
2220.0 126.4 1621.6 3841.6
2416.0 1.6 1671.2 4087.2
2104.8 0.0 1825.6 3930.4
1962.67 0.0 1515.2 3477.87
2357.6 0.0 1630.4 3988.0
2128.8 105.6 1673.6 3802.4
2211.2 5.6 1743.2 3954.4
2150.4 0.0 1709.6 3860.0
2053.33 0.0 1207.33 3260.67
2235.2 0.0 1649.6 3884.8
2181.6 140.8 1659.2 3840.8
2347.2 1.6 1708.0 4055.2
2060.8 0.0 1784.0 3844.8
2073.33 0.0 1236.67 3310.0
2257.6 0.0 1657.6 3915.2
2202.4 117.6 1591.2 3793.6
2280.8 1.6 1629.6 3910.4
2000.0 0.0 1839.2 3839.2
2461.6 0.0 1417.6 3879.2
2339.2 0.0 1576.8 3916.0
2096.0 129.6 1633.6 3729.6
2272.8 4.0 1616.0 3888.8
2228.0 0.0 1664.0 3892.0
2452.0 0.0 1404.8 3856.8
1628.0 0.0 1480.0 3108.0
2148.8 0.0 1787.2 3936.0
2121.6 138.4 1616.0 3737.6
2291.2 0.0 1776.0 4067.2
1860.8 0.0 1812.0 3672.8
2322.4 0.0 1635.2 3957.6
2225.6 0.0 1693.6 3919.2
2191.2 148.8 1722.4 3913.6
2088.0 0.0 1688.8 3776.8
1792.8 0.0 1815.2 3608.0
2340.8 0.0 1601.6 3942.4
2076.67 0.0 1250.0 3326.67
2424.0 0.0 1580.8 4004.8
2256.8 82.4 1636.8 3893.6
2426.4 0.0 1603.2 4029.6
2192.8 0.0 1732.8 3925.6
2056.0 0.0 1184.67 3240.67
2396.0 0.0 1585.6 3981.6
2252.0 144.0 1476.0 3728.0
2280.8 0.0 1652.8 3933.6
2300.0 0.0 1690.4 3990.4
2042.0 0.0 1112.67 3154.67
2023.2 0.0 1852.0 3875.2
2068.0 0.0 1848.0 3916.0
2026.4 128.0 1776.0 3802.4
2106.4 0.0 1764.0 3870.4
1486.67 0.0 1552.0 3038.67
2304.0 0.0 1692.8 3996.8
2456.0 0.0 1439.2 3895.2
2353.6 0.0 1666.4 4020.0
2158.4 138.4 1610.4 3768.8
2379.2 0.0 1394.67 3773.87
2043.2 0.0 1720.0 3763.2
2437.6 0.0 1363.2 3800.8
2474.4 0.0 1184.0 3658.4
2410.4 0.0 1486.4 3896.8
2352.0 96.0 1399.2 3751.2
2469.6 0.0 1416.8 3886.4
2412.8 0.0 1532.0 3944.8
2464.8 0.0 1156.8 3621.6
2248.0 0.0 1732.0 3980.0
1597.6 0.0 1810.4 3408.0
1782.67 0.0 1467.33 3250.0
1998.4 169.6 1725.6 3724.0
1947.2 260.0 1608.8 3556.0
1978.4 143.2 1796.8 3775.2
1772.8 148.8 1770.4 3543.2
1856.67 96.0 1270.0 3126.67
1938.4 163.2 1680.0 3618.4
2093.6 0.0 1807.2 3900.8
1995.2 260.8 1575.2 3570.4
2136.0 7.2 1735.2 3871.2
1911.2 0.0 1555.33 3466.53
2384.8 0.0 1677.6 4062.4
2468.0 0.0 1416.0 3884.0
2449.6 0.0 1544.8 3994.4
2236.0 128.0 1567.2 3803.2
2348.0 0.0 1706.4 4054.4
1808.0 0.0 1478.0 3286.0
2466.4 0.0 1465.6 3932.0
2380.8 0.0 1642.4 4023.2
2262.4 116.0 1512.0 3774.4
2427.2 1.6 1583.2 4010.4
1812.67 0.0 1490.0 3302.67
2426.4 0.0 1455.2 3881.6
2366.4 0.0 1589.6 3956.0
2246.4 109.6 1531.2 3777.6
2439.2 0.0 1608.8 4048.0
2150.4 0.0 1717.6 3868.0
2479.2 0.0 1401.6 3880.8
2457.6 0.0 1517.6 3975.2
2261.6 111.2 1649.6 3911.2
2356.0 12.0 1664.8 4020.8
2072.8 0.0 1736.0 3808.8
2068.67 0.0 1341.6 3410.27
2438.4 0.0 1441.6 3880.0
2235.2 132.0 1565.6 3800.8
2435.2 0.0 1539.2 3974.4
2120.8 0.0 1777.6 3898.4
2022.67 0.0 1329.33 3352.0
2325.6 0.0 1687.2 4012.8
2213.6 140.8 1487.2 3700.8
2277.6 0.0 1587.2 3864.8
2136.8 0.0 1763.2 3900.0
2456.0 0.0 1173.33 3629.33
1795.2 0.0 1840.0 3635.2
2084.0 0.0 1800.0 3884.0
2142.4 140.0 1602.4 3744.8
2148.0 0.0 1753.6 3901.6
1878.4 0.0 1495.33 3373.73
2404.0 0.0 1616.8 4020.8
2454.4 0.0 1463.2 3917.6
2334.4 0.0 1676.8 4011.2
2266.4 115.2 1473.6 3740.0
2360.0 1.6 1650.4 4010.4
1927.2 0.0 1767.2 3694.4
2480.0 0.0 1378.4 3858.4
2352.8 0.0 1735.2 4088.0
2244.8 111.2 1513.6 3758.4
2418.4 0.0 1576.8 3995.2
2139.2 0.0 1764.8 3904.0
2456.0 0.0 1471.2 3927.2
2349.6 0.0 1637.6 3987.2
2159.2 136.0 1604.8 3764.0
2450.4 0.0 1598.4 4048.8
1938.0 0.0 1401.33 3339.33
2381.6 0.0 1479.2 3860.8
2387.2 0.0 1708.8 4096.0
2306.4 116.8 1436.0 3742.4
2331.2 0.0 1623.2 3954.4
2128.8 0.0 1487.33 3616.13
2432.0 0.0 1456.8 3888.8
2350.4 0.0 1680.0 4030.4
2252.8 121.6 1474.4 3727.2
2432.0 8.0 1516.0 3948.0
2106.4 0.0 1750.4 3856.8
2039.33 0.0 1556.8 3596.13
2396.8 0.0 1693.6 4090.4
2176.8 132.8 1527.2 3704.0
2308.0 0.0 1656.0 3964.0
2197.6 0.0 1783.2 3980.8
2032.67 0.0 1240.67 3273.33
1813.6 0.0 1888.0 3701.6
2116.8 0.0 1764.8 3881.6
2188.8 101.6 1702.4 3891.2
1950.4 281.6 1661.6 3612.0
2185.6 137.6 1382.67 3568.27
1731.2 126.4 1813.6 3544.8
2204.0 113.6 1600.0 3804.0
2296.0 116.8 1440.8 3736.8
2222.4 131.2 1481.6 3704.0
2460.8 0.0 1589.6 4050.4
1811.33 188.0 1504.8 3316.13
2364.0 0.0 1644.8 4008.8
2094.4 0.0 1745.6 3840.0
2454.4 0.0 1360.8 3815.2
2404.0 0.0 1648.8 4052.8
1751.33 96.0 1368.0 3119.33
2384.0 4.0 1597.6 3981.6
2225.6 0.0 1675.2 3900.8
2464.0 0.0 1548.0 4012.0
2468.8 0.0 1152.8 3621.6
2053.33 0.0 1179.33 3232.67
2372.8 70.4 1192.8 3565.6
2222.4 195.2 1282.4 3504.8
2288.0 144.0 1385.6 3673.6
2248.0 152.0 1461.6 3709.6
2360.0 80.0 1033.33 3393.33
2245.6 114.4 1651.2 3896.8
1824.8 140.0 1788.8 3613.6
2026.4 152.0 1643.2 3669.6
2120.0 4.0 1717.6 3837.6
2016.0 281.6 1632.8 3648.8
2171.2 5.6 1724.0 3895.2
2120.0 0.0 1858.4 3978.4
2364.0 0.0 1604.8 3968.8
1660.8 0.0 1823.2 3484.0
1777.6 0.0 1869.6 3647.2
1423.33 106.667 1488.0 2911.33
1770.4 0.0 1848.8 3619.2
1727.2 0.0 1904.0 3631.2
2083.2 0.0 1805.6 3888.8
2322.4 0.0 1668.8 3991.2
2455.2 0.0 1109.33 3564.53
2292.0 0.0 1636.8 3928.8
2162.4 159.2 1580.8 3743.2
2162.4 0.0 1772.8 3935.2
2067.2 0.0 1812.0 3879.2
2050.67 0.0 1198.0 3248.67
2267.2 0.0 1653.6 3920.8
2205.6 123.2 1608.0 3813.6
2229.6 12.0 1624.0 3853.6
2158.4 0.0 1740.0 3898.4
2452.8 0.0 1198.67 3651.47
1967.2 0.0 1788.0 3755.2
2132.0 0.0 1775.2 3907.2
2080.8 143.2 1764.0 3844.8
2172.8 0.0 1707.2 3880.0
2053.6 0.0 1790.4 3844.0
2350.4 0.0 1584.0 3934.4
2460.8 0.0 1541.6 4002.4
2484.8 0.0 1084.0 3568.8
2466.4 0.0 1295.2 3761.6
2343.2 69.6 1227.2 3570.4
2368.0 0.0 1449.6 3817.6
2382.4 0.0 1572.8 3955.2
2491.2 0.0 1255.2 3746.4
1930.4 0.0 1727.2 3657.6
2293.6 0.0 1647.2 3940.8
1776.67 116.0 1290.67 3067.33
2273.6 0.0 1657.6 3931.2
2088.0 0.0 1818.4 3906.4
2480.8 0.0 1297.6 3778.4
2392.0 0.0 1619.2 4011.2
1887.33 115.333 1260.0 3147.33
2309.6 4.0 1711.2 4020.8
2239.2 0.0 1764.0 4003.2
2476.8 0.0 1468.8 3945.6
2404.0 0.0 1553.6 3957.6
2146.4 111.2 1399.33 3545.73
2467.2 0.0 1549.6 4016.8
2206.4 0.0 1684.8 3891.2
2432.0 0.0 1586.4 4018.4
2465.6 0.0 1112.0 3577.6
2440.0 0.0 1387.2 3827.2
1892.67 119.333 1413.6 3306.27
2447.2 3.2 1523.2 3970.4
2435.2 0.0 1527.2 3962.4
2468.8 0.0 1255.2 3724.0
2466.4 0.0 1165.33 3631.73
2350.4 94.4 1280.8 3631.2
2487.2 4.0 1391.2 3878.4
2351.2 0.0 1659.2 4010.4
2487.2 0.0 1386.4 3873.6
2258.4 0.0 1468.0 3726.4
2383.2 0.0 1576.8 3960.0
2315.2 84.8 1429.6 3744.8
2342.4 0.0 1652.0 3994.4
2154.4 0.0 1774.4 3928.8
2492.0 0.0 1117.33 3609.33
2384.0 0.0 1572.0 3956.0
2191.2 107.2 1538.4 3729.6
2368.8 1.6 1560.8 3929.6
2156.8 0.0 1735.2 3892.0
2448.0 0.0 1290.0 3738.0
2429.6 0.0 1543.2 3972.8
2238.4 106.4 1497.6 3736.0
2383.2 0.0 1647.2 4030.4
2126.4 0.0 1816.8 3943.2
2476.0 0.0 1399.2 3875.2
2356.0 0.0 1592.0 3948.0
2248.8 112.8 1594.4 3843.2
2435.2 0.0 1641.6 4076.8
2036.8 0.0 1800.8 3837.6
2435.2 0.0 1389.6 3824.8
1912.67 0.0 1603.2 3515.87
2117.6 112.8 1552.8 3670.4
2106.4 221.6 1539.2 3645.6
2279.2 108.0 1403.2 3682.4
2075.2 159.2 1600.8 3676.0
1884.0 118.667 1124.0 3008.0
2323.2 100.8 1494.4 3817.6
2346.4 1.6 1457.6 3804.0
2120.0 232.8 1419.2 3539.2
2249.6 158.4 1397.6 3647.2
2082.4 89.6 1444.67 3527.07
2312.8 88.0 1296.8 3609.6
2223.2 128.8 1531.2 3754.4
2344.8 4.0 1620.8 3965.6
2130.4 234.4 1388.8 3519.2
2337.6 5.6 1641.6 3979.2
2304.0 0.0 1647.2 3951.2
2464.0 0.0 1419.2 3883.2
2338.4 0.0 1736.0 4074.4
2180.8 146.4 1564.0 3744.8
2423.2 1.6 1327.33 3750.53
2130.4 0.0 1800.8 3931.2
2420.8 0.0 1576.8 3997.6
2489.6 0.0 1094.4 3584.0
2464.0 0.0 1348.0 3812.0
2318.4 122.4 1312.0 3630.4
1998.0 1.33333 1224.67 3222.67
2365.6 0.0 1620.8 3986.4
2492.0 0.0 1295.2 3787.2
2084.8 0.0 1734.4 3819.2
2149.6 0.0 1584.0 3733.6
2048.8 192.0 1376.0 3424.8
2205.6 0.0 1704.8 3910.4
2127.2 0.0 1781.6 3908.8
2471.2 0.0 1324.0 3795.2
2393.6 0.0 1688.0 4081.6
2205.6 120.8 1645.6 3851.2
2357.6 4.0 1646.4 4004.0
2207.2 0.0 1737.6 3944.8
2440.8 0.0 1516.8 3957.6
2207.2 0.0 1591.2 3798.4
2271.2 96.8 1563.2 3834.4
1720.67 205.333 1472.0 3192.67
2140.8 158.4 1639.2 3780.0
2196.8 110.4 1667.2 3864.0
2312.0 115.2 1344.8 3656.8
1933.6 176.0 1769.6 3703.2
1602.0 98.6667 1394.67 2996.67
2138.4 4.0 1846.4 3984.8
1932.0 280.8 1661.6 3593.6
2044.8 1.6 1807.2 3852.0
1918.4 0.0 1808.8 3727.2
1874.0 0.0 1474.0 3348.0
2056.0 0.0 1805.6 3861.6
2087.2 124.0 1748.0 3835.2
2133.6 8.8 1745.6 3879.2
1835.2 0.0 1913.6 3748.8
2355.2 0.0 1318.67 3673.87
2039.2 0.0 1831.2 3870.4
2045.6 128.8 1690.4 3736.0
2176.0 0.0 1776.0 3952.0
1837.6 0.0 1867.2 3704.8
2429.6 0.0 1620.8 4050.4
2050.67 0.0 1253.33 3304.0
2444.8 0.0 1552.8 3997.6
2071.2 125.6 1636.8 3708.0
2262.4 0.0 1657.6 3920.0
2119.2 0.0 1709.6 3828.8
2062.0 0.0 1184.0 3246.0
2410.4 0.0 1548.8 3959.2
2164.0 132.8 1678.4 3842.4
2327.2 0.0 1670.4 3997.6
2070.4 0.0 1707.2 3777.6
2464.8 0.0 1116.0 3580.8
2402.4 0.0 1680.8 4083.2
2140.8 145.6 1622.4 3763.2
2358.4 0.0 1692.0 4050.4
2241.6 0.0 1737.6 3979.2
2441.6 0.0 1208.67 3650.27
2356.0 0.0 1607.2 3963.2
2238.4 148.0 1536.8 3775.2
2340.0 1.6 1572.0 3912.0
2123.2 0.0 1783.2 3906.4
2375.2 0.0 1226.0 3601.2
2412.8 0.0 1595.2 4008.0
2302.4 112.0 1519.2 3821.6
2320.0 0.0 1566.4 3886.4
2200.0 0.0 1726.4 3926.4
2422.4 0.0 1346.4 3768.8
1800.8 0.0 1779.2 3580.0
2167.2 0.0 1791.2 3958.4
2086.4 166.4 1602.4 3688.8
2007.2 1.6 1801.6 3808.8
1909.6 0.0 1898.4 3808.0
1955.33 0.0 1275.33 3230.67
2148.8 0.0 1794.4 3943.2
2095.2 187.2 1644.0 3739.2
2216.0 1.6 1624.0 3840.0
1833.6 0.0 1816.8 3650.4
2316.0 0.0 1418.0 3734.0
2200.0 0.0 1845.6 4045.6
2051.2 124.0 1708.0 3759.2
2212.0 4.0 1722.4 3934.4
1896.8 0.0 1901.6 3798.4
2269.6 0.0 1332.67 3602.27
2326.4 0.0 1731.2 4057.6
1920.0 176.0 1744.0 3664.0
1958.4 1.6 1828.0 3786.4
1969.6 0.0 1870.4 3840.0
2407.2 0.0 1608.8 4016.0
2047.33 0.0 1433.6 3480.93
2416.0 0.0 1563.2 3979.2
2260.0 132.0 1548.8 3808.8
2424.8 8.0 1508.8 3933.6
2053.6 0.0 1835.2 3888.8
2465.6 0.0 1410.4 3876.0
2407.2 0.0 1604.8 4012.0
2295.2 108.8 1450.4 3745.6
2390.4 8.0 1526.4 3916.8
2220.0 0.0 1753.6 3973.6
2023.33 0.0 1115.33 3138.67
1903.2 0.0 1777.6 3680.8
2154.4 0.0 1692.8 3847.2
1928.0 131.2 1732.8 3660.8
1953.6 4.0 1852.0 3805.6
2013.6 0.0 1792.0 3805.6
1989.33 0.0 1564.0 3553.33
2180.8 0.0 1783.2 3964.0
2048.0 176.8 1741.6 3789.6
2153.6 1.6 1764.8 3918.4
2007.2 0.0 1924.0 3931.2
1850.67 0.0 1474.0 3324.67
1671.2 0.0 1864.8 3536.0
1837.6 0.0 1817.6 3655.2
1850.4 145.6 1730.4 3580.8
1935.2 0.0 1856.0 3791.2
1637.6 0.0 1833.6 3471.2
2047.2 0.0 1740.8 3788.0
1865.6 0.0 1827.2 3692.8
1870.4 178.4 1818.4 3688.8
1870.4 0.0 1864.8 3735.2
1668.8 0.0 1897.6 3566.4
1795.33 0.0 1500.67 3296.0
1805.6 0.0 1941.6 3747.2
1708.0 139.2 1852.0 3560.0
1828.0 0.0 1867.2 3695.2
1601.6 0.0 1846.4 3448.0
2060.8 0.0 1519.33 3580.13
1823.2 0.0 1832.8 3656.0
1898.4 160.0 1773.6 3672.0
1694.4 295.2 1724.0 3418.4
1756.8 129.6 1806.4 3563.2
1755.2 132.8 1517.33 3272.53
2129.6 145.6 1627.2 3756.8
2270.4 128.0 1355.2 3625.6
2056.8 135.2 1695.2 3752.0
2046.4 4.0 1795.2 3841.6
1702.0 216.667 1297.33 2999.33
2236.0 0.0 1766.4 4002.4
2072.8 0.0 1807.2 3880.0
2367.2 0.0 1578.4 3945.6
2182.4 0.0 1774.4 3956.8
1748.0 135.333 1316.0 3064.0
2238.4 3.2 1706.4 3944.8
1983.2 0.0 1796.0 3779.2
2255.2 0.0 1697.6 3952.8
2442.4 0.0 1393.6 3836.0
2054.0 0.0 1233.33 3287.33
2164.8 156.0 1567.2 3732.0
2134.4 225.6 1426.4 3560.8
2301.6 92.8 1446.4 3748.0
2160.8 139.2 1610.4 3771.2
2361.6 91.2 1011.33 3372.93
1892.0 116.8 1688.8 3580.8
1995.2 163.2 1607.2 3602.4
2165.6 1.6 1714.4 3880.0
1956.8 284.8 1660.8 3617.6
2179.2 4.8 1708.8 3888.0
2123.2 0.0 1787.2 3910.4
2344.8 0.0 1572.0 3916.8
2454.4 0.0 1517.6 3972.0
2455.2 0.0 1287.2 3742.4
2461.6 0.0 1448.0 3909.6
1983.33 64.0 1114.67 3098.0
2467.2 1.6 1480.8 3948.0
2433.6 0.0 1488.0 3921.6
2476.0 0.0 1219.2 3695.2
2444.8 0.0 1302.4 3747.2
1979.33 61.3333 1163.33 3142.67
2432.0 4.0 1494.4 3926.4
2470.4 0.0 1509.6 3980.0
2476.0 0.0 1253.6 3729.6
2066.4 0.0 1811.2 3877.6
1988.67 0.0 1372.0 3360.67
2258.4 108.0 1518.4 3776.8
2194.4 199.2 1544.8 3739.2
2296.8 132.8 1416.8 3713.6
2045.6 139.2 1648.0 3693.6
2338.4 97.6 1183.33 3521.73
2211.2 102.4 1545.6 3756.8
2332.8 16.0 1532.0 3864.8
2043.2 272.8 1364.8 3408.0
2357.6 9.6 1688.8 4046.4
2248.8 0.0 1728.0 3976.8
2059.33 0.0 1430.4 3489.73
2459.2 0.0 1605.6 4064.8
2255.2 155.2 1403.2 3658.4
2406.4 1.6 1686.4 4092.8
2238.4 0.0 1770.4 4008.8
2057.33 0.0 1572.8 3630.13
2351.2 0.0 1596.8 3948.0
2212.0 142.4 1516.8 3728.8
2327.2 5.6 1549.6 3876.8
2177.6 0.0 1762.4 3940.0
2048.0 0.0 1160.0 3208.0
1768.8 0.0 1850.4 3619.2
2240.0 0.0 1746.4 3986.4
2068.8 166.4 1648.8 3717.6
2240.8 0.0 1728.8 3969.6
1668.0 0.0 1545.33 3213.33
2301.6 0.0 1694.4 3996.0
2456.0 0.0 1450.4 3906.4
2386.4 0.0 1687.2 4073.6
2319.2 101.6 1504.0 3823.2
2278.4 1.6 1410.0 3688.4
2164.0 0.0 1726.4 3890.4
2426.4 0.0 1559.2 3985.6
2464.8 0.0 1191.2 3656.0
2439.2 0.0 1517.6 3956.8
2320.0 120.0 1341.6 3661.6
2480.0 5.6 1289.6 3769.6
2232.8 0.0 1684.8 3917.6
2476.0 0.0 1191.2 3667.2
2180.0 0.0 1668.8 3848.8
2361.6 0.0 1608.0 3969.6
1873.33 93.3333 1236.67 3110.0
2420.8 0.0 1584.0 4004.8
1966.4 0.0 1843.2 3809.6
2433.6 0.0 1488.0 3921.6
2284.8 0.0 1652.8 3937.6
1797.33 122.667 1288.67 3086.0
2276.0 0.0 1639.2 3915.2
2115.2 0.0 1769.6 3884.8
2424.8 0.0 1543.2 3968.0
2456.8 0.0 1228.8 3685.6
2045.33 0.0 1153.33 3198.67
2308.8 101.6 1373.6 3682.4
2202.4 208.0 1280.0 3482.4
2359.2 86.4 1300.8 3660.0
2256.0 108.0 1478.4 3734.4
2370.4 76.8 1008.67 3379.07
2046.4 136.0 1726.4 3772.8
1910.4 148.8 1778.4 3688.8
2074.4 168.8 1640.0 3714.4
2137.6 0.0 1747.2 3884.8
2015.2 266.4 1624.8 3640.0
1847.33 4.66667 1494.0 3341.33
1960.8 0.0 1867.2 3828.0
2305.6 0.0 1596.8 3902.4
2464.8 0.0 1525.6 3990.4
2474.4 0.0 1292.0 3766.4
2454.4 0.0 1212.8 3667.2
2315.2 112.0 1280.0 3595.2
2460.8 0.0 1515.2 3976.0
2437.6 0.0 1544.8 3982.4
2463.2 0.0 1290.4 3753.6
1972.0 0.0 1799.2 3771.2
1864.67 0.0 1696.0 3560.67
2240.0 111.2 1546.4 3786.4
2044.0 256.8 1352.0 3396.0
2232.0 129.6 1467.2 3699.2
2025.6 141.6 1654.4 3680.0
1926.0 72.0 1142.67 3068.67
2273.6 118.4 1500.0 3773.6
2363.2 5.6 1566.4 3929.6
2146.4 196.8 1368.0 3514.4
2260.0 1.6 1700.8 3960.8
2149.6 0.0 1844.8 3994.4
2492.0 0.0 1399.2 3891.2
1984.0 0.0 1760.0 3744.0
1919.2 0.0 1859.2 3778.4
1986.4 108.0 1740.8 3727.2
2020.8 1.6 1509.33 3530.13
1840.0 0.0 1808.0 3648.0
2244.0 0.0 1787.2 4031.2
2444.0 0.0 1531.2 3975.2
2412.8 0.0 1572.0 3984.8
2174.4 126.4 1592.0 3766.4
2424.0 4.0 1642.4 4066.4
2028.8 0.0 1721.6 3750.4
2445.6 0.0 1476.8 3922.4
2310.4 0.0 1703.2 4013.6
2255.2 126.4 1589.6 3844.8
2014.67 0.0 1321.33 3336.0
1922.4 0.0 1852.8 3775.2
2472.8 0.0 1437.6 3910.4
2477.6 0.0 1276.8 3754.4
2471.2 0.0 1373.6 3844.8
2368.0 85.6 1092.0 3460.0
2477.6 4.0 1322.4 3800.0
2288.8 0.0 1711.2 4000.0
2501.6 0.0 1169.6 3671.2
2069.6 0.0 1745.6 3815.2
2250.4 0.0 1434.67 3685.07
2257.6 144.0 1464.0 3721.6
2036.0 281.6 1383.2 3419.2
2141.6 168.0 1537.6 3679.2
2149.6 155.2 1609.6 3759.2
2275.2 67.2 1596.0 3871.2
1989.33 60.0 888.0 2877.33
2254.4 151.2 1394.4 3648.8
2363.2 0.0 1492.0 3855.2
2115.2 211.2 1329.6 3444.8
2464.8 4.0 1412.0 3876.8
2034.67 0.0 1341.33 3376.0
2487.2 0.0 1280.8 3768.0
2459.2 0.0 1472.8 3932.0
2308.0 88.0 1463.2 3771.2
2478.4 0.0 1353.6 3832.0
2253.6 0.0 1662.4 3916.0
2472.0 0.0 1248.0 3720.0
2243.2 0.0 1576.8 3820.0
2300.8 0.0 1676.8 3977.6
2278.4 147.2 1436.0 3714.4
2384.0 1.6 1622.4 4006.4
2216.8 0.0 1781.6 3998.4
2436.0 0.0 1350.4 3786.4
2301.6 0.0 1664.0 3965.6
2175.2 107.2 1599.2 3774.4
2380.0 0.0 1727.2 4107.2
2266.4 0.0 1699.2 3965.6
2420.0 0.0 1450.4 3870.4
2360.8 0.0 1560.0 3920.8
2180.8 112.0 1461.6 3642.4
2412.8 0.0 1688.0 4100.8
1760.0 0.0 1766.4 3526.4
2420.8 0.0 1563.2 3984.0
2337.6 0.0 1591.2 3928.8
2276.8 118.4 1472.8 3749.6
2254.4 0.0 1697.6 3952.0
1857.33 0.0 1538.0 3395.33
2415.2 0.0 1400.8 3816.0
2311.2 0.0 1665.6 3976.8
2340.0 114.4 1481.6 3821.6
2356.0 0.0 1624.0 3980.0
2107.2 0.0 1490.0 3597.2
2470.4 0.0 1536.0 4006.4
2492.0 0.0 1200.8 3692.8
2480.8 0.0 1364.8 3845.6
2345.6 92.8 1434.4 3780.0
2464.8 4.0 1189.33 3654.13
2231.2 0.0 1676.8 3908.0
2485.6 0.0 1144.0 3629.6
2376.0 0.0 1639.2 4015.2
1843.2 0.0 1837.6 3680.8
2126.4 0.0 1676.8 3803.2
1899.2 156.8 1769.6 3668.8
2372.8 1.6 1693.6 4066.4
1785.6 0.0 1804.8 3590.4
2311.2 0.0 1696.0 4007.2
2154.4 0.0 1793.6 3948.0
2039.2 147.2 1704.8 3744.0
2121.6 0.0 1734.4 3856.0
1733.6 0.0 1878.4 3612.0
2363.2 0.0 1625.6 3988.8
2424.0 0.0 1463.2 3887.2
1847.33 0.0 1389.33 3236.67
2135.2 186.4 1516.0 3651.2
2174.4 208.0 1348.0 3522.4
2216.0 148.0 1508.0 3724.0
2054.4 156.8 1632.8 3687.2
2281.6 113.6 1141.33 3422.93
2256.8 148.0 1560.8 3817.6
2280.8 4.0 1606.4 3887.2
2109.6 214.4 1473.6 3583.2
2309.6 1.6 1517.6 3827.2
2253.6 0.0 1672.0 3925.6
2043.33 0.0 1220.67 3264.0
1672.0 0.0 1875.2 3547.2
2097.6 0.0 1677.6 3775.2
2048.0 142.4 1657.6 3705.6
2116.0 4.0 1816.0 3932.0
1556.67 0.0 1537.33 3094.0
2314.4 0.0 1696.8 4011.2
2401.6 0.0 1432.0 3833.6
2358.4 0.0 1704.8 4063.2
2100.0 87.2 1684.0 3784.0
2318.4 0.0 1412.67 3731.07
2196.0 0.0 1616.8 3812.8
2440.0 0.0 1386.4 3826.4
2458.4 0.0 1240.8 3699.2
2428.0 0.0 1355.2 3783.2
2307.2 100.8 1035.33 3342.53
2481.6 0.0 1475.2 3956.8
2378.4 0.0 1604.0 3982.4
2466.4 0.0 1182.4 3648.8
2301.6 0.0 1691.2 3992.8
1564.0 0.0 1510.0 3074.0
2188.8 0.0 1772.0 3960.8
2017.6 160.0 1561.6 3579.2
2138.4 0.0 1735.2 3873.6
1974.4 0.0 1852.0 3826.4
1966.67 0.0 1364.67 3331.33
2116.0 0.0 1752.0 3868.0
2164.0 124.0 1714.4 3878.4
1969.6 253.6 1683.2 3652.8
2087.2 153.6 1610.4 3697.6
1739.2 165.6 1756.0 3495.2
2147.2 148.8 1497.6 3644.8
1971.2 152.8 1703.2 3674.4
2203.2 0.0 1661.6 3864.8
2056.8 258.4 1655.2 3712.0
2160.8 12.0 1736.8 3897.6
1716.0 0.0 1536.0 3252.0
2356.0 0.0 1655.2 4011.2
2418.4 0.0 1472.8 3891.2
2259.2 0.0 1627.2 3886.4
2215.2 84.0 1583.2 3798.4
1952.67 2.66667 1378.67 3331.33
2359.2 0.0 1734.4 4093.6
2467.2 0.0 1360.0 3827.2
1840.8 0.0 1813.6 3654.4
2186.4 0.0 1769.6 3956.0
2089.6 144.0 1690.4 3780.0
2128.0 4.0 1825.6 3953.6
1744.8 0.0 1794.4 3539.2
2311.2 0.0 1568.8 3880.0
2066.4 0.0 1808.8 3875.2
2066.4 106.4 1643.2 3709.6
1856.0 0.0 1478.67 3334.67
1973.6 0.0 1777.6 3751.2
2325.6 0.0 1641.6 3967.2
2426.4 0.0 1484.8 3911.2
2376.0 0.0 1604.8 3980.8
1910.0 89.3333 1278.0 3188.0
2221.6 5.6 1729.6 3951.2
2011.2 0.0 1869.6 3880.8
2411.2 0.0 1520.8 3932.0
2396.8 0.0 1603.2 4000.0
2240.8 134.4 1512.8 3753.6
2013.33 0.0 1550.4 3563.73
2127.2 0.0 1782.4 3909.6
2423.2 0.0 1309.6 3732.8
1981.6 0.0 1827.2 3808.8
2262.4 0.0 1717.6 3980.0
1810.67 146.0 1364.67 3175.33
2043.2 0.0 1816.0 3859.2
1724.8 0.0 1907.2 3632.0
2344.0 0.0 1598.4 3942.4
2416.0 0.0 1312.0 3728.0
2416.0 0.0 1324.0 3740.0
2181.6 129.6 1649.6 3831.2
2117.6 205.6 1469.6 3587.2
2182.4 129.6 1480.8 3663.2
1956.0 146.4 1663.2 3619.2
2274.4 119.2 1492.0 3766.4
1942.0 106.0 1188.8 3130.8
2312.0 92.0 1258.4 3570.4
2468.0 0.0 1407.2 3875.2
2168.0 198.4 1296.0 3464.0
2470.4 1.6 1378.4 3848.8
1807.33 0.0 1492.67 3300.0
2473.6 0.0 1349.6 3823.2
2345.6 0.0 1517.6 3863.2
2301.6 139.2 1352.0 3653.6
2444.0 4.0 1359.2 3803.2
2420.0 0.0 1424.0 3844.0
2479.2 0.0 1336.0 3815.2
2044.0 0.0 1652.8 3696.8
2416.8 0.0 1644.0 4060.8
2268.0 111.2 1452.0 3720.0
2299.2 0.0 1546.4 3845.6
2186.4 0.0 1764.0 3950.4
2394.4 0.0 1573.6 3968.0
2464.8 0.0 1259.2 3724.0
2437.6 0.0 1356.8 3794.4
2343.2 102.4 1321.6 3664.8
1954.67 3.33333 1229.33 3184.0
2359.2 0.0 1600.8 3960.0
2472.0 0.0 1300.8 3772.8
2202.4 0.0 1679.2 3881.6
2276.8 0.0 1771.2 4048.0
2211.2 137.6 1582.4 3793.6
2384.0 4.0 1549.6 3933.6
2119.2 0.0 1694.4 3813.6
2451.2 0.0 1320.0 3771.2
2312.8 0.0 1658.4 3971.2
2249.6 151.2 1552.8 3802.4
2024.0 0.0 1280.0 3304.0
2273.6 0.0 1635.2 3908.8
2404.8 0.0 1576.0 3980.8
2470.4 0.0 1242.4 3712.8
2455.2 0.0 1456.0 3911.2
1964.0 74.0 903.333 2867.33
2453.6 9.6 1148.8 3602.4
2418.4 0.0 1572.0 3990.4
2484.8 0.0 1161.6 3646.4
2175.2 0.0 1744.0 3919.2
2343.2 0.0 1650.4 3993.6
2248.0 124.8 1524.0 3772.0
2332.0 4.0 1717.6 4049.6
2074.4 0.0 1821.6 3896.0
2368.0 0.0 1548.0 3916.0
2285.6 0.0 1571.2 3856.8
2264.8 119.2 1528.0 3792.8
2416.8 1.6 1528.8 3945.6
2152.0 0.0 1743.2 3895.2
2408.0 0.0 1559.2 3967.2
2457.6 0.0 1352.8 3810.4
2047.33 0.0 1217.33 3264.67
2295.2 99.2 1495.2 3790.4
2132.8 224.8 1213.6 3346.4
2346.4 83.2 1280.0 3626.4
2218.4 144.0 1589.6 3808.0
2375.2 77.6 906.0 3281.2
2179.2 145.6 1630.4 3809.6
1812.0 200.0 1826.4 3638.4
2044.8 117.6 1720.0 3764.8
2316.8 4.0 1658.4 3975.2
1776.8 316.0 1411.33 3188.13
2072.8 4.0 1847.2 3920.0
1692.8 0.0 1807.2 3500.0
2142.4 0.0 1661.6 3804.0
2182.4 0.0 1759.2 3941.6
2001.6 133.6 1780.0 3781.6
1756.67 4.66667 1488.67 3245.33
2042.4 0.0 1836.8 3879.2
2274.4 0.0 1726.4 4000.8
2414.4 0.0 1469.6 3884.0
2334.4 0.0 1551.2 3885.6
1826.67 102.667 1352.67 3179.33
2399.2 3.2 1592.8 3992.0
2270.4 0.0 1732.8 4003.2
2389.6 0.0 1556.0 3945.6
1977.6 0.0 1809.6 3787.2
2075.2 0.0 1765.6 3840.8
2099.2 133.6 1672.0 3771.2
2177.6 4.0 1780.0 3957.6
1774.4 0.0 1783.2 3557.6
2390.4 0.0 1618.4 4008.8
2428.0 0.0 1560.8 3988.8
1926.0 0.0 1332.0 3258.0
2140.8 142.4 1588.8 3729.6
2137.6 248.8 1499.2 3636.8
2144.8 120.8 1585.6 3730.4
2240.0 142.4 1643.2 3883.2
2307.2 103.2 1156.0 3463.2
1929.6 159.2 1714.4 3644.0
2096.8 140.0 1616.8 3713.6
1996.0 4.0 1792.0 3788.0
2010.4 281.6 1668.0 3678.4
2227.2 1.6 1778.4 4005.6
1483.33 0.0 1523.33 3006.67
2294.4 0.0 1737.6 4032.0
2484.0 0.0 1475.2 3959.2
2407.2 0.0 1663.2 4070.4
2136.8 184.0 1615.2 3752.0
2344.0 0.0 1362.0 3706.0
2211.2 0.0 1808.8 4020.0
2408.8 0.0 1478.4 3887.2
1710.4 0.0 1847.2 3557.6
2109.6 0.0 1768.8 3878.4
2040.0 186.4 1422.0 3462.0
2109.6 0.0 1754.4 3864.0
1946.4 0.0 1840.8 3787.2
2300.8 0.0 1705.6 4006.4
2425.6 0.0 1518.4 3944.0
2390.4 0.0 1390.0 3780.4
2203.2 116.0 1531.2 3734.4
2448.8 1.6 1580.8 4029.6
2076.0 0.0 1666.4 3742.4
2365.6 0.0 1510.4 3876.0
2430.4 0.0 1255.33 3685.73
2232.0 121.6 1589.6 3821.6
2160.0 212.0 1301.6 3461.6
2280.0 139.2 1497.6 3777.6
2109.6 170.4 1610.4 3720.0
2306.4 94.4 1415.2 3721.6
2292.8 114.4 1468.8 3761.6
2387.2 0.0 1594.4 3981.6
1976.0 233.6 1677.6 3653.6
2268.0 5.6 1665.6 3933.6
2152.0 0.0 1818.4 3970.4
2467.2 0.0 1496.8 3964.0
1898.4 0.0 1806.4 3704.8
2128.0 0.0 1880.0 4008.0
2022.4 161.6 1729.6 3752.0
2082.4 0.0 1784.0 3866.4
1985.6 0.0 1791.2 3776.8
2320.8 0.0 1665.6 3986.4
2427.2 0.0 1448.0 3875.2
2376.8 0.0 1567.2 3944.0
2280.0 98.4 1480.0 3760.0
2013.33 2.66667 1266.0 3279.33
2245.6 0.0 1666.4 3912.0
2452.8 0.0 1445.6 3898.4
1867.2 0.0 1833.6 3700.8
2187.2 0.0 1856.8 4044.0
2181.6 146.4 1357.33 3538.93
2196.0 1.6 1828.0 4024.0
1757.6 0.0 1883.2 3640.8
2146.4 0.0 1691.2 3837.6
1952.0 0.0 1833.6 3785.6
2131.2 117.6 1384.67 3515.87
2093.6 0.0 1777.6 3871.2
1663.2 0.0 1869.6 3532.8
2361.6 0.0 1599.2 3960.8
2429.6 0.0 1493.6 3923.2
2345.6 0.0 1583.2 3928.8
2184.8 185.6 1559.2 3744.0
2445.6 0.0 1531.2 3976.8
2168.8 0.0 1739.2 3908.0
2441.6 0.0 1464.8 3906.4
2277.6 0.0 1668.8 3946.4
2363.2 96.8 1300.0 3663.2
2392.8 5.6 1533.6 3926.4
2213.6 0.0 1634.4 3848.0
2392.0 0.0 1455.2 3847.2
2412.0 0.0 1520.0 3932.0
1918.0 112.0 1252.67 3170.67
2274.4 4.0 1635.2 3909.6
2220.8 0.0 1705.6 3926.4
2453.6 0.0 1486.4 3940.0
2449.6 0.0 1259.2 3708.8
2076.0 0.0 1078.0 3154.0
2287.2 96.0 1332.0 3619.2
2175.2 226.4 1160.8 3336.0
2228.8 101.6 1446.4 3675.2
2259.2 119.2 1408.0 3667.2
2371.2 79.2 922.667 3293.87
2318.4 108.0 1277.6 3596.0
2465.6 0.0 1490.4 3956.0
2272.0 168.8 1204.0 3476.0
2343.2 9.6 1555.2 3898.4
2392.0 0.0 1586.4 3978.4
2483.2 0.0 1265.6 3748.8
2130.4 0.0 1716.0 3846.4
2372.8 0.0 1644.8 4017.6
2304.0 126.4 1561.6 3865.6
2369.6 0.0 1610.4 3980.0
1710.67 0.0 1440.0 3150.67
2416.8 0.0 1448.0 3864.8
2428.0 0.0 1572.0 4000.0
2282.4 119.2 1577.6 3860.0
2390.4 0.0 1624.8 4015.2
1704.67 0.0 1508.67 3213.33
2483.2 0.0 1358.4 3841.6
2380.0 0.0 1572.0 3952.0
2324.8 120.8 1499.2 3824.0
2341.6 4.0 1712.8 4054.4
1859.33 0.0 1431.33 3290.67
2409.6 0.0 1560.0 3969.6
2283.2 0.0 1704.0 3987.2
2096.8 123.2 1676.8 3773.6
2300.8 8.0 1684.8 3985.6
2174.4 0.0 1458.0 3632.4
2463.2 0.0 1420.8 3884.0
2348.8 0.0 1663.2 4012.0
2272.0 128.8 1457.6 3729.6
2360.8 5.6 1587.2 3948.0
2225.6 0.0 1638.4 3864.0
2364.0 0.0 1596.0 3960.0
2486.4 0.0 1231.2 3717.6
2440.8 0.0 1492.8 3933.6
2292.0 130.4 1360.8 3652.8
2490.4 0.0 1436.8 3927.2
2409.6 0.0 1613.6 4023.2
2476.8 0.0 1216.0 3692.8
2154.4 0.0 1780.8 3935.2
2396.8 0.0 1520.0 3916.8
2146.4 132.8 1588.0 3734.4
1988.67 10.6667 1243.33 3232.0
2144.0 0.0 1755.2 3899.2
2464.0 0.0 1392.0 3856.0
2018.4 0.0 1800.0 3818.4
2034.4 0.0 1806.4 3840.8
1761.33 119.333 1392.67 3154.0
2216.0 0.0 1785.6 4001.6
1902.4 0.0 1837.6 3740.0
2208.0 0.0 1744.0 3952.0
2037.6 0.0 1769.6 3807.2
2055.2 103.2 1365.33 3420.53
2159.2 0.0 1808.0 3967.2
1956.0 0.0 1851.2 3807.2
2411.2 0.0 1640.8 4052.0
2471.2 0.0 1332.8 3804.0
2340.8 0.0 1330.0 3670.8
2146.4 156.8 1545.6 3692.0
2144.0 218.4 1516.0 3660.0
2152.8 176.8 1557.6 3710.4
1985.6 161.6 1748.8 3734.4
2344.8 109.6 1297.6 3642.4
1835.2 124.8 1760.8 3596.0
2053.6 139.2 1579.2 3632.8
2188.8 0.0 1745.6 3934.4
1887.2 277.6 1668.8 3556.0
2275.2 4.0 1625.6 3900.8
1656.0 0.0 1578.0 3234.0
2454.4 0.0 1479.2 3933.6
2480.0 0.0 1360.0 3840.0
2407.2 0.0 1489.6 3896.8
2180.0 103.2 1682.4 3862.4
2393.6 0.0 1340.0 3733.6
2107.2 0.0 1700.8 3808.0
2408.8 0.0 1493.6 3902.4
2476.0 0.0 1265.6 3741.6
2436.0 0.0 1505.6 3941.6
2320.0 114.4 1291.2 3611.2
2459.2 1.6 1474.4 3933.6
2292.0 0.0 1691.2 3983.2
2472.8 0.0 1231.2 3704.0
2167.2 0.0 1720.8 3888.0
2339.2 0.0 1690.4 4029.6
1814.0 78.6667 1651.2 3465.2
2377.6 0.0 1560.0 3937.6
2236.0 0.0 1740.0 3976.0
2456.8 0.0 1440.8 3897.6
2041.6 0.0 1774.4 3816.0
1832.67 0.0 1454.0 3286.67
2049.6 159.2 1724.0 3773.6
2089.6 225.6 1555.2 3644.8
1960.8 129.6 1713.6 3674.4
2003.2 160.0 1803.2 3806.4
1860.0 82.6667 1222.0 3082.0
1795.2 172.8 1835.2 3630.4
1834.4 165.6 1822.4 3656.8
1818.4 4.0 1843.2 3661.6
1801.6 317.6 1668.8 3470.4
1950.4 12.0 1494.67 3445.07
1708.0 0.0 1886.4 3594.4
2159.2 0.0 1740.0 3899.2
2313.6 0.0 1650.4 3964.0
2452.0 0.0 1426.4 3878.4
2402.4 0.0 1327.33 3729.73
2085.6 124.0 1544.8 3630.4
2435.2 0.0 1504.8 3940.0
2156.8 0.0 1698.4 3855.2
2444.8 0.0 1333.6 3778.4
2404.0 0.0 1636.8 4040.8
1840.67 92.0 1354.0 3194.67
2451.2 1.6 1496.0 3947.2
2209.6 0.0 1824.0 4033.6
2439.2 0.0 1325.6 3764.8
1828.0 0.0 1878.4 3706.4
1776.0 0.0 1436.67 3212.67
2065.6 136.0 1624.8 3690.4
2012.0 269.6 1610.4 3622.4
2024.0 130.4 1768.0 3792.0
1780.0 159.2 1697.6 3477.6
2149.6 132.8 1360.67 3510.27
2072.0 155.2 1744.0 3816.0
2181.6 4.0 1801.6 3983.2
2028.8 284.8 1596.0 3624.8
2016.0 0.0 1829.6 3845.6
1879.2 0.0 1534.67 3413.87
2227.2 0.0 1655.2 3882.4
2448.8 0.0 1385.6 3834.4
2386.4 0.0 1526.4 3912.8
2305.6 105.6 1528.8 3834.4
2385.6 4.0 1292.0 3677.6
2117.6 0.0 1734.4 3852.0
2471.2 0.0 1394.4 3865.6
2468.8 0.0 1312.0 3780.8
2471.2 0.0 1508.8 3980.0
2304.0 103.2 1302.4 3606.4
2440.8 0.0 1356.0 3796.8
2431.2 0.0 1481.6 3912.8
2463.2 0.0 1118.4 3581.6
2290.4 0.0 1648.8 3939.2
1881.6 0.0 1783.2 3664.8
1816.67 0.0 1740.8 3557.47
2055.2 121.6 1678.4 3733.6
1928.8 236.0 1648.0 3576.8
1984.8 142.4 1776.0 3760.8
1904.8 174.4 1779.2 3684.0
1851.33 94.6667 1266.0 3117.33
1953.6 124.8 1669.6 3623.2
2268.0 4.0 1720.0 3988.0
1979.2 256.0 1619.2 3598.4
2051.2 4.0 1778.4 3829.6
1966.4 0.0 1522.67 3489.07
2274.4 0.0 1692.0 3966.4
2456.8 0.0 1384.0 3840.8
2312.8 0.0 1659.2 3972.0
2262.4 134.4 1438.4 3700.8
2248.8 0.0 1748.0 3996.8
2219.2 0.0 1718.4 3937.6
2428.8 0.0 1421.6 3850.4
2413.6 0.0 1566.4 3980.0
2293.6 129.6 1445.6 3739.2
2325.6 0.0 1672.0 3997.6
2043.2 0.0 1748.0 3791.2
2446.4 0.0 1450.4 3896.8
2430.4 0.0 1448.8 3879.2
2169.6 112.8 1615.2 3784.8
2388.0 0.0 1573.6 3961.6
1706.67 0.0 1471.33 3178.0
2432.8 0.0 1409.6 3842.4
2369.6 0.0 1556.0 3925.6
2250.4 119.2 1519.2 3769.6
2416.0 5.6 1536.8 3952.8
2198.4 0.0 1448.0 3646.4
2456.8 0.0 1424.0 3880.8
2370.4 0.0 1559.2 3929.6
2126.4 149.6 1569.6 3696.0
2434.4 5.6 1575.2 4009.6
2177.6 0.0 1413.33 3590.93
2402.4 0.0 1526.4 3928.8
2392.8 0.0 1562.4 3955.2
2172.0 86.4 1590.4 3762.4
2308.8 0.0 1678.4 3987.2
2075.2 0.0 1761.6 3836.8
2392.0 0.0 1567.2 3959.2
2348.8 0.0 1641.6 3990.4
2204.0 156.0 1502.4 3706.4
2382.4 0.0 1577.6 3960.0
2088.8 0.0 1709.6 3798.4
2421.6 0.0 1510.4 3932.0
2348.0 0.0 1532.8 3880.8
2268.0 105.6 1570.4 3838.4
2369.6 0.0 1710.4 4080.0
1971.2 0.0 1745.6 3716.8
2052.0 0.0 1129.33 3181.33
2326.4 0.0 1648.0 3974.4
2315.2 132.0 1435.2 3750.4
2408.8 0.0 1631.2 4040.0
2172.8 0.0 1733.6 3906.4
2404.0 0.0 1179.33 3583.33
2303.2 0.0 1710.4 4013.6
2208.0 133.6 1588.8 3796.8
2260.0 1.6 1606.4 3866.4
1950.4 0.0 1708.0 3658.4
2447.2 0.0 1192.67 3639.87
2268.8 0.0 1689.6 3958.4
2242.4 143.2 1501.6 3744.0
2372.8 0.0 1638.4 4011.2
2087.2 0.0 1786.4 3873.6
2480.0 0.0 1222.67 3702.67
2445.6 0.0 1585.6 4031.2
2308.8 120.0 1404.0 3712.8
2196.0 0.0 1640.0 3836.0
2139.2 0.0 1780.0 3919.2
2418.4 0.0 1270.67 3689.07
1991.2 0.0 1835.2 3826.4
2069.6 0.0 1809.6 3879.2
2209.6 156.0 1616.0 3825.6
2140.0 8.0 1780.0 3920.0
1888.0 0.0 1806.4 3694.4
1943.33 0.0 1310.0 3253.33
2205.6 0.0 1728.8 3934.4
2277.6 109.6 1648.8 3926.4
2184.8 8.0 1822.4 4007.2
1601.6 0.0 1835.2 3436.8
2335.2 0.0 1493.33 3828.53
2173.6 0.0 1760.0 3933.6
2025.6 123.2 1684.8 3710.4
2049.6 4.0 1812.0 3861.6
1816.0 0.0 1886.4 3702.4
2204.8 0.0 1739.2 3944.0
2425.6 0.0 1376.8 3802.4
2337.6 0.0 1608.8 3946.4
2273.6 119.2 1568.8 3842.4
2387.2 3.2 1604.8 3992.0
2125.6 0.0 1760.8 3886.4
2471.2 0.0 1457.6 3928.8
2258.4 0.0 1752.8 4011.2
2314.4 105.6 1470.4 3784.8
2354.4 5.6 1605.6 3960.0
2252.8 0.0 1694.4 3947.2
2002.67 0.0 1199.33 3202.0
2316.8 0.0 1633.6 3950.4
2238.4 119.2 1612.0 3850.4
2372.0 1.6 1695.2 4067.2
1984.0 0.0 1719.2 3703.2
2457.6 0.0 1140.67 3598.27
2417.6 0.0 1517.6 3935.2
2262.4 127.2 1426.4 3688.8
2387.2 0.0 1601.6 3988.8
2147.2 0.0 1760.8 3908.0
2422.4 0.0 1412.8 3835.2
2415.2 0.0 1512.8 3928.0
2250.4 124.8 1424.0 3674.4
2333.6 12.0 1648.8 3982.4
2216.8 0.0 1752.0 3968.8
2457.6 0.0 1382.4 3840.0
1926.67 0.0 1645.6 3572.27
2255.2 132.0 1478.4 3733.6
2022.4 244.8 1480.8 3503.2
2280.0 108.0 1496.0 3776.0
1963.2 141.6 1698.4 3661.6
1912.0 83.3333 1154.67 3066.67
2253.6 116.0 1506.4 3760.0
2332.8 1.6 1613.6 3946.4
2033.6 296.0 1499.2 3532.8
2303.2 0.0 1696.0 3999.2
2099.2 0.0 1803.2 3902.4
2444.8 0.0 1409.6 3854.4
2304.0 0.0 1572.0 3876.0
2234.4 135.2 1624.8 3859.2
2347.2 4.0 1676.8 4024.0
2213.6 0.0 1802.4 4016.0
2015.33 0.0 1322.67 3338.0
2298.4 0.0 1561.6 3860.0
2157.6 132.0 1527.2 3684.8
2385.6 5.6 1688.8 4074.4
2104.8 0.0 1787.2 3892.0
2035.33 0.0 1149.33 3184.67
2321.6 0.0 1716.8 4038.4
2154.4 114.4 1700.0 3854.4
2339.2 4.0 1744.8 4084.0
2075.2 0.0 1782.4 3857.6
2436.0 0.0 1170.0 3606.0
2292.8 0.0 1651.2 3944.0
2202.4 144.8 1474.4 3676.8
2331.2 0.0 1630.4 3961.6
2129.6 0.0 1743.2 3872.8
2446.4 0.0 1444.0 3890.4
1990.67 0.0 1318.67 3309.33
2231.2 107.2 1452.0 3683.2
2067.2 286.4 1436.0 3503.2
2276.0 123.2 1504.0 3780.0
2184.0 164.0 1575.2 3759.2
2318.4 88.8 1465.6 3784.0
2288.8 122.4 1128.0 3416.8
2361.6 88.0 1291.2 3652.8
2392.0 1.6 1488.8 3880.8
2140.8 228.0 1266.4 3407.2
2440.8 5.6 1516.0 3956.8
1864.67 0.0 1692.8 3557.47
2481.6 0.0 1199.2 3680.8
2374.4 0.0 1509.6 3884.0
2273.6 116.8 1300.0 3573.6
2419.2 4.0 1508.8 3928.0
2409.6 0.0 1312.67 3722.27
2480.0 0.0 1136.8 3616.8
2464.8 0.0 1421.6 3886.4
2321.6 113.6 1359.2 3680.8
2436.8 0.0 1395.2 3832.0
2290.4 0.0 1632.0 3922.4
2052.0 0.0 1092.0 3144.0
2191.2 0.0 1684.8 3876.0
2273.6 0.0 1653.6 3927.2
2216.0 120.0 1652.8 3868.8
2302.4 5.6 1617.6 3920.0
1785.33 0.0 1500.67 3286.0
2446.4 0.0 1537.6 3984.0
2488.8 0.0 1185.6 3674.4
2455.2 0.0 1378.4 3833.6
2340.0 93.6 1420.8 3760.8
2460.0 1.6 1208.67 3668.67
2347.2 0.0 1662.4 4009.6
2428.0 0.0 1376.8 3804.8
2213.6 0.0 1772.0 3985.6
2356.8 0.0 1587.2 3944.0
2159.2 121.6 1382.0 3541.2
2306.4 0.0 1636.8 3943.2
2059.2 0.0 1832.8 3892.0
2448.0 0.0 1503.2 3951.2
2436.8 0.0 1297.6 3734.4
2441.6 0.0 1376.8 3818.4
1944.67 72.6667 1403.2 3347.87
2448.8 4.0 1413.6 3862.4
2452.0 0.0 1564.8 4016.8
2482.4 0.0 1349.6 3832.0
1989.6 0.0 1776.0 3765.6
2000.0 0.0 1322.67 3322.67
2246.4 106.4 1504.8 3751.2
2084.0 228.8 1550.4 3634.4
2197.6 149.6 1605.6 3803.2
1970.4 131.2 1713.6 3684.0
1886.0 114.667 1288.0 3174.0
2173.6 162.4 1466.4 3640.0
2333.6 0.0 1686.4 4020.0
2176.8 203.2 1472.0 3648.8
2389.6 0.0 1660.0 4049.6
2213.6 0.0 1458.67 3672.27
2414.4 0.0 1461.6 3876.0
2443.2 0.0 1464.8 3908.0
2169.6 120.8 1573.6 3743.2
2399.2 3.2 1541.6 3940.8
2132.8 0.0 1806.4 3939.2
1987.33 0.0 1200.67 3188.0
2388.8 0.0 1624.0 4012.8
2051.2 188.0 1597.6 3648.8
2334.4 1.6 1695.2 4029.6
2184.0 0.0 1761.6 3945.6
2035.33 0.0 1188.0 3223.33
2135.2 0.0 1640.8 3776.0
2272.0 104.0 1574.4 3846.4
2126.4 225.6 1548.0 3674.4
2236.8 126.4 1500.0 3736.8
1983.2 124.0 1472.67 3455.87
2301.6 100.0 1349.6 3651.2
2264.8 119.2 1531.2 3796.0
2244.8 14.4 1740.8 3985.6
2138.4 258.4 1372.0 3510.4
2403.2 0.0 1575.2 3978.4
2086.4 0.0 1755.2 3841.6
2458.4 0.0 1397.6 3856.0
2376.0 0.0 1492.0 3868.0
2275.2 116.8 1548.8 3824.0
2340.0 5.6 1605.6 3945.6
2004.8 0.0 1776.0 3780.8
2425.6 0.0 1605.6 4031.2
2460.0 0.0 1196.8 3656.8
2439.2 0.0 1376.8 3816.0
2172.0 133.6 1523.2 3695.2
2468.8 0.0 1299.2 3768.0
2352.0 0.0 1638.4 3990.4
1991.2 0.0 976.8 2968.0
887.2 0.0 719.2 1606.4
2136.8 0.0 1541.6 3678.4
2172.0 146.4 1580.8 3752.8
2088.0 217.6 1376.8 3464.8
2201.6 106.4 1628.8 3830.4
1893.6 129.6 1739.2 3632.8
2296.0 93.6 1580.0 3876.0
2314.4 112.8 1280.0 3594.4
2354.4 106.4 1209.6 3564.0
2464.8 4.0 1533.6 3998.4
2202.4 189.6 1125.6 3328.0
2482.4 4.8 1294.4 3776.8
1914.0 0.0 1437.33 3351.33
2457.6 0.0 1200.0 3657.6
2474.4 0.0 1440.8 3915.2
2336.8 90.4 1382.4 3719.2
2360.0 0.0 1500.8 3860.8
2116.0 0.0 1482.0 3598.0
2467.2 0.0 1114.4 3581.6
2439.2 0.0 1296.0 3735.2
2357.6 78.4 1337.6 3695.2
2385.6 4.0 1582.4 3968.0
2312.0 0.0 1638.4 3950.4
2054.67 0.0 1219.2 3273.87
2440.0 0.0 1368.0 3808.0
2284.8 120.8 1336.0 3620.8
2484.8 7.2 1448.8 3933.6
2222.4 0.0 1700.0 3922.4
2056.0 0.0 1012.67 3068.67
2488.0 0.0 1387.2 3875.2
2307.2 112.8 1345.6 3652.8
2483.2 1.6 1399.2 3882.4
2465.6 0.0 1471.2 3936.8
2454.4 0.0 1101.6 3556.0
1887.33 0.0 1406.67 3294.0
2342.4 0.0 1768.8 4111.2
2288.8 121.6 1479.2 3768.0
2324.8 0.0 1558.4 3883.2
2152.8 0.0 1836.0 3988.8
2036.67 0.0 1218.0 3254.67
1821.6 0.0 1872.0 3693.6
2153.6 0.0 1824.8 3978.4
2200.8 149.6 1688.8 3889.6
2059.2 4.0 1786.4 3845.6
1560.67 0.0 1854.4 3415.07
2368.0 0.0 1555.2 3923.2
2468.8 0.0 1305.6 3774.4
2417.6 0.0 1553.6 3971.2
2251.2 144.8 1553.6 3804.8
1902.0 3.33333 1594.4 3496.4
2345.6 0.0 1753.6 4099.2
2416.0 0.0 1526.4 3942.4
1959.2 0.0 1803.2 3762.4
2247.2 0.0 1747.2 3994.4
1646.67 144.667 1418.0 3064.67
2154.4 1.6 1804.8 3959.2
2037.6 0.0 1864.8 3902.4
2267.2 0.0 1727.2 3994.4
2440.0 0.0 1496.8 3936.8
2005.33 0.0 1374.0 3379.33
2214.4 156.0 1589.6 3804.0
2048.0 247.2 1493.6 3541.6
2152.0 104.8 1660.0 3812.0
2093.6 157.6 1685.6 3779.2
2245.6 110.4 1154.67 3400.27
2158.4 137.6 1619.2 3777.6
2432.0 0.0 1604.8 4036.8
2058.4 248.0 1430.4 3488.8
2419.2 0.0 1595.2 4014.4
1991.2 0.0 1472.67 3463.87
2469.6 0.0 1455.2 3924.8
2377.6 0.0 1536.8 3914.4
2230.4 114.4 1476.0 3706.4
2351.2 4.0 1604.8 3956.0
2167.2 0.0 1811.2 3978.4
1992.0 0.0 1446.4 3438.4
1824.0 0.0 1828.0 3652.0
2060.0 0.0 1748.8 3808.8
1993.6 164.0 1653.6 3647.2
2149.6 1.6 1747.2 3896.8
1488.67 0.0 1605.33 3094.0
2266.4 0.0 1722.4 3988.8
2463.2 0.0 1440.8 3904.0
2286.4 0.0 1627.2 3913.6
2230.4 116.8 1589.6 3820.0
2027.33 3.33333 1392.67 3420.0
2001.6 0.0 1778.4 3780.0
2461.6 0.0 1382.4 3844.0
2477.6 0.0 1256.0 3733.6
2448.0 0.0 1369.6 3817.6
1900.67 105.333 1076.0 2976.67
2415.2 5.6 1361.6 3776.8
2224.0 0.0 1696.0 3920.0
2472.8 0.0 1104.8 3577.6
2128.0 0.0 1765.6 3893.6
2366.4 0.0 1675.2 4041.6
2132.0 164.8 1665.6 3797.6
2296.8 4.0 1622.4 3919.2
2236.0 0.0 1790.4 4026.4
2423.2 0.0 1503.2 3926.4
2005.6 0.0 1801.6 3807.2
1682.67 0.0 1537.33 3220.0
2059.2 144.8 1704.8 3764.0
1919.2 320.0 1498.4 3417.6
1983.2 170.4 1815.2 3798.4
1888.8 153.6 1844.8 3733.6
1790.0 106.667 1364.67 3154.67
2083.2 168.0 1583.2 3666.4
2140.8 0.0 1711.2 3852.0
1972.8 252.8 1640.8 3613.6
2213.6 1.6 1753.6 3967.2
1481.33 0.0 1540.0 3021.33
2305.6 0.0 1690.4 3996.0
2464.8 0.0 1403.2 3868.0
2379.2 0.0 1602.4 3981.6
2084.8 136.8 1584.0 3668.8
2346.4 0.0 1372.0 3718.4
2048.0 0.0 1728.0 3776.0
2426.4 0.0 1494.4 3920.8
2469.6 0.0 1182.4 3652.0
2338.4 0.0 1458.4 3796.8
2270.4 136.8 1312.0 3582.4
2050.0 1.33333 1338.4 3388.4
2265.6 0.0 1586.4 3852.0
2483.2 0.0 1228.0 3711.2
2123.2 0.0 1676.0 3799.2
2183.2 0.0 1564.0 3747.2
2096.8 140.0 1540.0 3636.8
2300.0 0.0 1643.2 3943.2
1927.2 0.0 1603.2 3530.4
2263.2 0.0 1413.6 3676.8
2040.8 0.0 1387.2 3428.0
1927.2 90.4 1425.6 3352.8
1521.33 0.0 1140.67 2662.0
1548.0 0.0 1351.2 2899.2
1977.6 0.0 1292.8 3270.4
2071.2 0.0 1024.0 3095.2
1713.6 0.0 1060.0 2773.6
1611.2 82.4 922.4 2533.6
1413.6 4.0 844.8 2258.4
1245.6 0.0 923.2 2168.8
1577.6 0.0 783.2 2360.8
1483.2 0.0 565.6 2048.8
